(kicad_pcb (version 20171130) (host pcbnew "(5.1.0)-1")

  (general
    (thickness 1.6)
    (drawings 12)
    (tracks 708)
    (zones 0)
    (modules 35)
    (nets 77)
  )

  (page A4)
  (layers
    (0 F.Cu signal)
    (31 B.Cu signal)
    (32 B.Adhes user)
    (33 F.Adhes user)
    (34 B.Paste user)
    (35 F.Paste user)
    (36 B.SilkS user)
    (37 F.SilkS user)
    (38 B.Mask user)
    (39 F.Mask user)
    (40 Dwgs.User user)
    (41 Cmts.User user)
    (42 Eco1.User user)
    (43 Eco2.User user)
    (44 Edge.Cuts user)
    (45 Margin user)
    (46 B.CrtYd user)
    (47 F.CrtYd user)
    (48 B.Fab user hide)
    (49 F.Fab user hide)
  )

  (setup
    (last_trace_width 0.4)
    (user_trace_width 0.15)
    (user_trace_width 0.25)
    (user_trace_width 0.3)
    (user_trace_width 0.4)
    (trace_clearance 0.15)
    (zone_clearance 0.508)
    (zone_45_only no)
    (trace_min 0.127)
    (via_size 0.6)
    (via_drill 0.3)
    (via_min_size 0.6)
    (via_min_drill 0.3)
    (uvia_size 0.3)
    (uvia_drill 0.1)
    (uvias_allowed no)
    (uvia_min_size 0.2)
    (uvia_min_drill 0.1)
    (edge_width 0.05)
    (segment_width 0.2)
    (pcb_text_width 0.3)
    (pcb_text_size 1.5 1.5)
    (mod_edge_width 0.12)
    (mod_text_size 1 1)
    (mod_text_width 0.15)
    (pad_size 5.6 5.6)
    (pad_drill 0)
    (pad_to_mask_clearance 0.051)
    (solder_mask_min_width 0.25)
    (aux_axis_origin 0 0)
    (visible_elements FFFFFF7F)
    (pcbplotparams
      (layerselection 0x010fc_ffffffff)
      (usegerberextensions false)
      (usegerberattributes false)
      (usegerberadvancedattributes false)
      (creategerberjobfile false)
      (excludeedgelayer true)
      (linewidth 0.100000)
      (plotframeref false)
      (viasonmask false)
      (mode 1)
      (useauxorigin false)
      (hpglpennumber 1)
      (hpglpenspeed 20)
      (hpglpendiameter 15.000000)
      (psnegative false)
      (psa4output false)
      (plotreference true)
      (plotvalue true)
      (plotinvisibletext false)
      (padsonsilk false)
      (subtractmaskfromsilk false)
      (outputformat 1)
      (mirror false)
      (drillshape 1)
      (scaleselection 1)
      (outputdirectory ""))
  )

  (net 0 "")
  (net 1 GND)
  (net 2 +3V3)
  (net 3 /R0)
  (net 4 /G0)
  (net 5 /B0)
  (net 6 +5V)
  (net 7 /R1)
  (net 8 /G1)
  (net 9 /B1)
  (net 10 /R2)
  (net 11 /G2)
  (net 12 /B2)
  (net 13 /R3)
  (net 14 /G3)
  (net 15 /B3)
  (net 16 /R4)
  (net 17 /G4)
  (net 18 /B4)
  (net 19 /R5)
  (net 20 /G5)
  (net 21 /B5)
  (net 22 /R6)
  (net 23 /G6)
  (net 24 /B6)
  (net 25 /R7)
  (net 26 /G7)
  (net 27 /B7)
  (net 28 /B11)
  (net 29 /G11)
  (net 30 /R11)
  (net 31 /B10)
  (net 32 /G10)
  (net 33 /R10)
  (net 34 /B9)
  (net 35 /G9)
  (net 36 /R9)
  (net 37 /B8)
  (net 38 /G8)
  (net 39 /R8)
  (net 40 /TOUCH)
  (net 41 /~RST)
  (net 42 /~RSTO)
  (net 43 /IRQ)
  (net 44 /NFC_CS)
  (net 45 /MOSI)
  (net 46 /MISO)
  (net 47 /SCK)
  (net 48 /B12)
  (net 49 /G12)
  (net 50 /R12)
  (net 51 "Net-(R1-Pad2)")
  (net 52 "Net-(R1-Pad1)")
  (net 53 "Net-(TP1-Pad1)")
  (net 54 "Net-(TP2-Pad1)")
  (net 55 "Net-(TP3-Pad1)")
  (net 56 "Net-(TP4-Pad1)")
  (net 57 "Net-(TP5-Pad1)")
  (net 58 "Net-(TP6-Pad1)")
  (net 59 "Net-(TP7-Pad1)")
  (net 60 "Net-(TP8-Pad1)")
  (net 61 "Net-(TP9-Pad1)")
  (net 62 "Net-(TP10-Pad1)")
  (net 63 "Net-(TP11-Pad1)")
  (net 64 "Net-(TP12-Pad1)")
  (net 65 "Net-(U1-Pad5)")
  (net 66 /GCLK)
  (net 67 "Net-(U1-Pad2)")
  (net 68 "Net-(U2-Pad11)")
  (net 69 "Net-(U2-Pad12)")
  (net 70 /LED_MISO)
  (net 71 "Net-(U3-Pad7)")
  (net 72 "Net-(U3-Pad6)")
  (net 73 "Net-(U3-Pad5)")
  (net 74 "Net-(U3-Pad4)")
  (net 75 "Net-(U3-Pad3)")
  (net 76 "Net-(U3-Pad2)")

  (net_class Default "This is the default net class."
    (clearance 0.15)
    (trace_width 0.15)
    (via_dia 0.6)
    (via_drill 0.3)
    (uvia_dia 0.3)
    (uvia_drill 0.1)
    (add_net +3V3)
    (add_net +5V)
    (add_net /B0)
    (add_net /B1)
    (add_net /B10)
    (add_net /B11)
    (add_net /B12)
    (add_net /B2)
    (add_net /B3)
    (add_net /B4)
    (add_net /B5)
    (add_net /B6)
    (add_net /B7)
    (add_net /B8)
    (add_net /B9)
    (add_net /G0)
    (add_net /G1)
    (add_net /G10)
    (add_net /G11)
    (add_net /G12)
    (add_net /G2)
    (add_net /G3)
    (add_net /G4)
    (add_net /G5)
    (add_net /G6)
    (add_net /G7)
    (add_net /G8)
    (add_net /G9)
    (add_net /GCLK)
    (add_net /IRQ)
    (add_net /LED_MISO)
    (add_net /MISO)
    (add_net /MOSI)
    (add_net /NFC_CS)
    (add_net /R0)
    (add_net /R1)
    (add_net /R10)
    (add_net /R11)
    (add_net /R12)
    (add_net /R2)
    (add_net /R3)
    (add_net /R4)
    (add_net /R5)
    (add_net /R6)
    (add_net /R7)
    (add_net /R8)
    (add_net /R9)
    (add_net /SCK)
    (add_net /TOUCH)
    (add_net /~RST)
    (add_net /~RSTO)
    (add_net GND)
    (add_net "Net-(R1-Pad1)")
    (add_net "Net-(R1-Pad2)")
    (add_net "Net-(TP1-Pad1)")
    (add_net "Net-(TP10-Pad1)")
    (add_net "Net-(TP11-Pad1)")
    (add_net "Net-(TP12-Pad1)")
    (add_net "Net-(TP2-Pad1)")
    (add_net "Net-(TP3-Pad1)")
    (add_net "Net-(TP4-Pad1)")
    (add_net "Net-(TP5-Pad1)")
    (add_net "Net-(TP6-Pad1)")
    (add_net "Net-(TP7-Pad1)")
    (add_net "Net-(TP8-Pad1)")
    (add_net "Net-(TP9-Pad1)")
    (add_net "Net-(U1-Pad2)")
    (add_net "Net-(U1-Pad5)")
    (add_net "Net-(U2-Pad11)")
    (add_net "Net-(U2-Pad12)")
    (add_net "Net-(U3-Pad2)")
    (add_net "Net-(U3-Pad3)")
    (add_net "Net-(U3-Pad4)")
    (add_net "Net-(U3-Pad5)")
    (add_net "Net-(U3-Pad6)")
    (add_net "Net-(U3-Pad7)")
  )

  (module ma4evse:nfc_v4 (layer F.Cu) (tedit 5DB5A43F) (tstamp 5DB59C8C)
    (at 100 75)
    (path /5DB58C23)
    (fp_text reference U2 (at -13 -21) (layer F.SilkS)
      (effects (font (size 1 1) (thickness 0.15)))
    )
    (fp_text value NFCv4 (at -21.35 -20.7) (layer F.Fab)
      (effects (font (size 1 1) (thickness 0.15)))
    )
    (fp_line (start -4.16 9.39) (end -4.16 10.19247) (layer F.SilkS) (width 0.12))
    (fp_line (start 7.965 9.39) (end 8.725 9.39) (layer F.SilkS) (width 0.12))
    (fp_line (start 7.205 11.063471) (end 7.205 11.61) (layer F.SilkS) (width 0.12))
    (fp_line (start -4.16 10.80753) (end -4.16 11.61) (layer F.SilkS) (width 0.12))
    (fp_line (start 7.205 9.39) (end 7.205 9.936529) (layer F.SilkS) (width 0.12))
    (fp_line (start 9.115 8.95) (end -4.635 8.95) (layer F.CrtYd) (width 0.05))
    (fp_line (start -4.635 8.95) (end -4.635 12.05) (layer F.CrtYd) (width 0.05))
    (fp_line (start 8.725 9.39) (end 8.725 10.5) (layer F.SilkS) (width 0.12))
    (fp_line (start -4.635 12.05) (end 9.115 12.05) (layer F.CrtYd) (width 0.05))
    (fp_line (start 7.205 9.39) (end -4.16 9.39) (layer F.SilkS) (width 0.12))
    (fp_line (start 9.115 12.05) (end 9.115 8.95) (layer F.CrtYd) (width 0.05))
    (fp_line (start 8.6 11.55) (end -4.1 11.55) (layer F.Fab) (width 0.1))
    (fp_line (start -4.1 11.55) (end -4.1 9.45) (layer F.Fab) (width 0.1))
    (fp_line (start -4.1 9.45) (end 8.075 9.45) (layer F.Fab) (width 0.1))
    (fp_line (start 8.075 9.45) (end 8.6 9.975) (layer F.Fab) (width 0.1))
    (fp_line (start 7.205 11.61) (end -4.16 11.61) (layer F.SilkS) (width 0.12))
    (fp_line (start 8.6 9.975) (end 8.6 11.55) (layer F.Fab) (width 0.1))
    (fp_line (start -15.585 -5.08) (end -13.68 -5.08) (layer F.Fab) (width 0.1))
    (fp_line (start -13.15 -5.61) (end -16.75 -5.61) (layer F.CrtYd) (width 0.05))
    (fp_line (start -13.68 -5.08) (end -13.68 5.08) (layer F.Fab) (width 0.1))
    (fp_line (start -16.28 -5.14) (end -14.95 -5.14) (layer F.SilkS) (width 0.12))
    (fp_line (start -16.75 -5.61) (end -16.75 5.59) (layer F.CrtYd) (width 0.05))
    (fp_line (start -13.15 5.59) (end -13.15 -5.61) (layer F.CrtYd) (width 0.05))
    (fp_line (start -16.28 5.14) (end -13.62 5.14) (layer F.SilkS) (width 0.12))
    (fp_line (start -16.28 -2.54) (end -13.62 -2.54) (layer F.SilkS) (width 0.12))
    (fp_line (start -16.22 5.08) (end -16.22 -4.445) (layer F.Fab) (width 0.1))
    (fp_line (start -16.28 -3.81) (end -16.28 -5.14) (layer F.SilkS) (width 0.12))
    (fp_line (start -13.68 5.08) (end -16.22 5.08) (layer F.Fab) (width 0.1))
    (fp_line (start -16.22 -4.445) (end -15.585 -5.08) (layer F.Fab) (width 0.1))
    (fp_line (start -16.28 -2.54) (end -16.28 5.14) (layer F.SilkS) (width 0.12))
    (fp_line (start -13.62 -2.54) (end -13.62 5.14) (layer F.SilkS) (width 0.12))
    (fp_line (start -16.75 5.59) (end -13.15 5.59) (layer F.CrtYd) (width 0.05))
    (fp_line (start -7.51 -14.97) (end 12.81 -14.97) (layer F.Fab) (width 0.1))
    (fp_line (start -4.97 -15.03) (end 12.87 -15.03) (layer F.SilkS) (width 0.12))
    (fp_line (start -8.04 -11.9) (end 13.31 -11.9) (layer F.CrtYd) (width 0.05))
    (fp_line (start 13.31 -11.9) (end 13.31 -15.5) (layer F.CrtYd) (width 0.05))
    (fp_line (start 12.87 -12.37) (end 12.87 -15.03) (layer F.SilkS) (width 0.12))
    (fp_line (start 12.81 -14.97) (end 12.81 -12.43) (layer F.Fab) (width 0.1))
    (fp_line (start -7.57 -12.37) (end -7.57 -13.7) (layer F.SilkS) (width 0.12))
    (fp_line (start -8.04 -15.5) (end -8.04 -11.9) (layer F.CrtYd) (width 0.05))
    (fp_line (start -7.51 -13.065) (end -7.51 -14.97) (layer F.Fab) (width 0.1))
    (fp_line (start 13.31 -15.5) (end -8.04 -15.5) (layer F.CrtYd) (width 0.05))
    (fp_line (start -6.24 -12.37) (end -7.57 -12.37) (layer F.SilkS) (width 0.12))
    (fp_line (start 12.81 -12.43) (end -6.875 -12.43) (layer F.Fab) (width 0.1))
    (fp_line (start -4.97 -12.37) (end -4.97 -15.03) (layer F.SilkS) (width 0.12))
    (fp_line (start -6.875 -12.43) (end -7.51 -13.065) (layer F.Fab) (width 0.1))
    (fp_line (start -4.97 -12.37) (end 12.87 -12.37) (layer F.SilkS) (width 0.12))
    (fp_line (start 17.95 -20.2) (end -17.95 -20.2) (layer F.SilkS) (width 0.15))
    (fp_line (start 21.35 16.8) (end 21.35 -16.8) (layer F.SilkS) (width 0.15))
    (fp_line (start -17.95 20.2) (end 17.95 20.2) (layer F.SilkS) (width 0.15))
    (fp_line (start -21.35 -16.8) (end -21.35 16.8) (layer F.SilkS) (width 0.15))
    (fp_arc (start 17.95 16.8) (end 17.95 20.2) (angle -90) (layer F.SilkS) (width 0.15))
    (fp_arc (start -17.95 16.8) (end -21.35 16.8) (angle -90) (layer F.SilkS) (width 0.15))
    (fp_arc (start 17.95 -16.8) (end 21.35 -16.8) (angle -90) (layer F.SilkS) (width 0.15))
    (fp_arc (start -17.95 -16.8) (end -17.95 -20.2) (angle -90) (layer F.SilkS) (width 0.15))
    (pad 22 thru_hole oval (at -3.465 10.5 270) (size 1 1) (drill 0.65) (layers *.Cu *.Mask)
      (net 53 "Net-(TP1-Pad1)"))
    (pad 21 thru_hole oval (at -2.195 10.5 270) (size 1 1) (drill 0.65) (layers *.Cu *.Mask)
      (net 54 "Net-(TP2-Pad1)"))
    (pad 20 thru_hole oval (at -0.925 10.5 270) (size 1 1) (drill 0.65) (layers *.Cu *.Mask)
      (net 55 "Net-(TP3-Pad1)"))
    (pad 19 thru_hole oval (at 0.345 10.5 270) (size 1 1) (drill 0.65) (layers *.Cu *.Mask)
      (net 56 "Net-(TP4-Pad1)"))
    (pad 18 thru_hole oval (at 1.615 10.5 270) (size 1 1) (drill 0.65) (layers *.Cu *.Mask)
      (net 57 "Net-(TP5-Pad1)"))
    (pad 17 thru_hole oval (at 2.885 10.5 270) (size 1 1) (drill 0.65) (layers *.Cu *.Mask)
      (net 58 "Net-(TP6-Pad1)"))
    (pad 16 thru_hole oval (at 4.155 10.5 270) (size 1 1) (drill 0.65) (layers *.Cu *.Mask)
      (net 59 "Net-(TP7-Pad1)"))
    (pad 15 thru_hole oval (at 5.425 10.5 270) (size 1 1) (drill 0.65) (layers *.Cu *.Mask)
      (net 60 "Net-(TP8-Pad1)"))
    (pad 13 thru_hole rect (at 7.965 10.5 270) (size 1 1) (drill 0.65) (layers *.Cu *.Mask)
      (net 41 /~RST))
    (pad 14 thru_hole oval (at 6.695 10.5 270) (size 1 1) (drill 0.65) (layers *.Cu *.Mask)
      (net 61 "Net-(TP9-Pad1)"))
    (pad 9 thru_hole rect (at -14.95 -3.81) (size 1.7 1.7) (drill 1) (layers *.Cu *.Mask)
      (net 1 GND))
    (pad 11 thru_hole oval (at -14.95 1.27) (size 1.7 1.7) (drill 1) (layers *.Cu *.Mask)
      (net 68 "Net-(U2-Pad11)"))
    (pad 12 thru_hole oval (at -14.95 3.81) (size 1.7 1.7) (drill 1) (layers *.Cu *.Mask)
      (net 69 "Net-(U2-Pad12)"))
    (pad 10 thru_hole oval (at -14.95 -1.27) (size 1.7 1.7) (drill 1) (layers *.Cu *.Mask)
      (net 2 +3V3))
    (pad 7 thru_hole oval (at 9 -13.7 90) (size 1.7 1.7) (drill 1) (layers *.Cu *.Mask)
      (net 43 /IRQ))
    (pad 2 thru_hole oval (at -3.7 -13.7 90) (size 1.7 1.7) (drill 1) (layers *.Cu *.Mask)
      (net 46 /MISO))
    (pad 3 thru_hole oval (at -1.16 -13.7 90) (size 1.7 1.7) (drill 1) (layers *.Cu *.Mask)
      (net 45 /MOSI))
    (pad 4 thru_hole oval (at 1.38 -13.7 90) (size 1.7 1.7) (drill 1) (layers *.Cu *.Mask)
      (net 44 /NFC_CS))
    (pad 5 thru_hole oval (at 3.92 -13.7 90) (size 1.7 1.7) (drill 1) (layers *.Cu *.Mask)
      (net 2 +3V3))
    (pad 1 thru_hole rect (at -6.24 -13.7 90) (size 1.7 1.7) (drill 1) (layers *.Cu *.Mask)
      (net 47 /SCK))
    (pad 6 thru_hole oval (at 6.46 -13.7 90) (size 1.7 1.7) (drill 1) (layers *.Cu *.Mask)
      (net 1 GND))
    (pad 8 thru_hole oval (at 11.54 -13.7 90) (size 1.7 1.7) (drill 1) (layers *.Cu *.Mask)
      (net 42 /~RSTO))
    (pad ~ thru_hole circle (at 13.85 12.6) (size 5 5) (drill 3) (layers *.Cu *.Mask))
    (pad ~ thru_hole circle (at -13.95 -12.6) (size 5 5) (drill 3) (layers *.Cu *.Mask))
  )

  (module ma4evse:LED_Avago_PLCC4_3.2x2.8mm_CW (layer F.Cu) (tedit 5DB60846) (tstamp 5DB5997D)
    (at 100 97 180)
    (descr https://docs.broadcom.com/docs/AV02-4186EN)
    (tags "LED Avago PLCC-4 ASMB-MTB0-0A3A2")
    (path /5DBE9C0C)
    (attr smd)
    (fp_text reference D8 (at 0 -2.65 180) (layer F.SilkS)
      (effects (font (size 1 1) (thickness 0.15)))
    )
    (fp_text value ASMB-MTB0-0A3A2 (at 0 2.65 180) (layer F.Fab)
      (effects (font (size 1 1) (thickness 0.15)))
    )
    (fp_text user %R (at 0 0 180) (layer F.Fab)
      (effects (font (size 0.5 0.5) (thickness 0.075)))
    )
    (fp_line (start -0.6 -1.4) (end -1.6 -0.4) (layer F.Fab) (width 0.1))
    (fp_line (start -1.6 -1.4) (end -1.6 1.4) (layer F.Fab) (width 0.1))
    (fp_line (start -1.6 1.4) (end 1.6 1.4) (layer F.Fab) (width 0.1))
    (fp_line (start 1.6 1.4) (end 1.6 -1.4) (layer F.Fab) (width 0.1))
    (fp_line (start 1.6 -1.4) (end -1.6 -1.4) (layer F.Fab) (width 0.1))
    (fp_line (start -2.5 -0.7) (end -2.5 -1.5) (layer F.SilkS) (width 0.12))
    (fp_line (start -2.500044 -1.5) (end 1.95 -1.5) (layer F.SilkS) (width 0.12))
    (fp_line (start -1.95 1.5) (end 1.95 1.5) (layer F.SilkS) (width 0.12))
    (fp_line (start -2.5 -1.65) (end 2.5 -1.65) (layer F.CrtYd) (width 0.05))
    (fp_line (start -2.5 -1.65) (end -2.5 1.65) (layer F.CrtYd) (width 0.05))
    (fp_line (start 2.5 1.65) (end 2.5 -1.65) (layer F.CrtYd) (width 0.05))
    (fp_line (start 2.5 1.65) (end -2.5 1.65) (layer F.CrtYd) (width 0.05))
    (fp_circle (center 0 0) (end 1.12 0) (layer F.Fab) (width 0.1))
    (pad 1 smd rect (at -1.5 -0.75 180) (size 1.5 1.1) (layers F.Cu F.Paste F.Mask)
      (net 6 +5V))
    (pad 2 smd rect (at 1.5 -0.75 180) (size 1.5 1.1) (layers F.Cu F.Paste F.Mask)
      (net 27 /B7))
    (pad 3 smd rect (at 1.5 0.75 180) (size 1.5 1.1) (layers F.Cu F.Paste F.Mask)
      (net 26 /G7))
    (pad 4 smd rect (at -1.5 0.75 180) (size 1.5 1.1) (layers F.Cu F.Paste F.Mask)
      (net 25 /R7))
    (model ${KIPRJMOD}/../ma4evse/3d/ASMB-MTB0-0A3A2.step
      (offset (xyz -0.75 -1.15 0))
      (scale (xyz 1 1 1))
      (rotate (xyz -90 0 90))
    )
  )

  (module ma4evse:LED_Avago_PLCC4_3.2x2.8mm_CW (layer F.Cu) (tedit 5DB60846) (tstamp 5DB59967)
    (at 77 75 270)
    (descr https://docs.broadcom.com/docs/AV02-4186EN)
    (tags "LED Avago PLCC-4 ASMB-MTB0-0A3A2")
    (path /5DBE9C06)
    (attr smd)
    (fp_text reference D7 (at 4 0 270) (layer F.SilkS)
      (effects (font (size 1 1) (thickness 0.15)))
    )
    (fp_text value ASMB-MTB0-0A3A2 (at 0 2.65 270) (layer F.Fab)
      (effects (font (size 1 1) (thickness 0.15)))
    )
    (fp_text user %R (at 0 0 270) (layer F.Fab)
      (effects (font (size 0.5 0.5) (thickness 0.075)))
    )
    (fp_line (start -0.6 -1.4) (end -1.6 -0.4) (layer F.Fab) (width 0.1))
    (fp_line (start -1.6 -1.4) (end -1.6 1.4) (layer F.Fab) (width 0.1))
    (fp_line (start -1.6 1.4) (end 1.6 1.4) (layer F.Fab) (width 0.1))
    (fp_line (start 1.6 1.4) (end 1.6 -1.4) (layer F.Fab) (width 0.1))
    (fp_line (start 1.6 -1.4) (end -1.6 -1.4) (layer F.Fab) (width 0.1))
    (fp_line (start -2.5 -0.7) (end -2.5 -1.5) (layer F.SilkS) (width 0.12))
    (fp_line (start -2.500044 -1.5) (end 1.95 -1.5) (layer F.SilkS) (width 0.12))
    (fp_line (start -1.95 1.5) (end 1.95 1.5) (layer F.SilkS) (width 0.12))
    (fp_line (start -2.5 -1.65) (end 2.5 -1.65) (layer F.CrtYd) (width 0.05))
    (fp_line (start -2.5 -1.65) (end -2.5 1.65) (layer F.CrtYd) (width 0.05))
    (fp_line (start 2.5 1.65) (end 2.5 -1.65) (layer F.CrtYd) (width 0.05))
    (fp_line (start 2.5 1.65) (end -2.5 1.65) (layer F.CrtYd) (width 0.05))
    (fp_circle (center 0 0) (end 1.12 0) (layer F.Fab) (width 0.1))
    (pad 1 smd rect (at -1.5 -0.75 270) (size 1.5 1.1) (layers F.Cu F.Paste F.Mask)
      (net 6 +5V))
    (pad 2 smd rect (at 1.5 -0.75 270) (size 1.5 1.1) (layers F.Cu F.Paste F.Mask)
      (net 24 /B6))
    (pad 3 smd rect (at 1.5 0.75 270) (size 1.5 1.1) (layers F.Cu F.Paste F.Mask)
      (net 23 /G6))
    (pad 4 smd rect (at -1.5 0.75 270) (size 1.5 1.1) (layers F.Cu F.Paste F.Mask)
      (net 22 /R6))
    (model ${KIPRJMOD}/../ma4evse/3d/ASMB-MTB0-0A3A2.step
      (offset (xyz -0.75 -1.15 0))
      (scale (xyz 1 1 1))
      (rotate (xyz -90 0 90))
    )
  )

  (module ma4evse:LED_Avago_PLCC4_3.2x2.8mm_CW (layer F.Cu) (tedit 5DB60846) (tstamp 5DB59951)
    (at 100 53 180)
    (descr https://docs.broadcom.com/docs/AV02-4186EN)
    (tags "LED Avago PLCC-4 ASMB-MTB0-0A3A2")
    (path /5DBE9C00)
    (attr smd)
    (fp_text reference D6 (at -4 0 180) (layer F.SilkS)
      (effects (font (size 1 1) (thickness 0.15)))
    )
    (fp_text value ASMB-MTB0-0A3A2 (at 0 2.65 180) (layer F.Fab)
      (effects (font (size 1 1) (thickness 0.15)))
    )
    (fp_circle (center 0 0) (end 1.12 0) (layer F.Fab) (width 0.1))
    (fp_line (start 2.5 1.65) (end -2.5 1.65) (layer F.CrtYd) (width 0.05))
    (fp_line (start 2.5 1.65) (end 2.5 -1.65) (layer F.CrtYd) (width 0.05))
    (fp_line (start -2.5 -1.65) (end -2.5 1.65) (layer F.CrtYd) (width 0.05))
    (fp_line (start -2.5 -1.65) (end 2.5 -1.65) (layer F.CrtYd) (width 0.05))
    (fp_line (start -1.95 1.5) (end 1.95 1.5) (layer F.SilkS) (width 0.12))
    (fp_line (start -2.500044 -1.5) (end 1.95 -1.5) (layer F.SilkS) (width 0.12))
    (fp_line (start -2.5 -0.7) (end -2.5 -1.5) (layer F.SilkS) (width 0.12))
    (fp_line (start 1.6 -1.4) (end -1.6 -1.4) (layer F.Fab) (width 0.1))
    (fp_line (start 1.6 1.4) (end 1.6 -1.4) (layer F.Fab) (width 0.1))
    (fp_line (start -1.6 1.4) (end 1.6 1.4) (layer F.Fab) (width 0.1))
    (fp_line (start -1.6 -1.4) (end -1.6 1.4) (layer F.Fab) (width 0.1))
    (fp_line (start -0.6 -1.4) (end -1.6 -0.4) (layer F.Fab) (width 0.1))
    (fp_text user %R (at 0 0 180) (layer F.Fab)
      (effects (font (size 0.5 0.5) (thickness 0.075)))
    )
    (pad 4 smd rect (at -1.5 0.75 180) (size 1.5 1.1) (layers F.Cu F.Paste F.Mask)
      (net 19 /R5))
    (pad 3 smd rect (at 1.5 0.75 180) (size 1.5 1.1) (layers F.Cu F.Paste F.Mask)
      (net 20 /G5))
    (pad 2 smd rect (at 1.5 -0.75 180) (size 1.5 1.1) (layers F.Cu F.Paste F.Mask)
      (net 21 /B5))
    (pad 1 smd rect (at -1.5 -0.75 180) (size 1.5 1.1) (layers F.Cu F.Paste F.Mask)
      (net 6 +5V))
    (model ${KIPRJMOD}/../ma4evse/3d/ASMB-MTB0-0A3A2.step
      (offset (xyz -0.75 -1.15 0))
      (scale (xyz 1 1 1))
      (rotate (xyz -90 0 90))
    )
  )

  (module ma4evse:LED_Avago_PLCC4_3.2x2.8mm_CW (layer F.Cu) (tedit 5DB60846) (tstamp 5DB5993B)
    (at 123 75 270)
    (descr https://docs.broadcom.com/docs/AV02-4186EN)
    (tags "LED Avago PLCC-4 ASMB-MTB0-0A3A2")
    (path /5DBE9BFA)
    (attr smd)
    (fp_text reference D5 (at 0 -2.65 270) (layer F.SilkS)
      (effects (font (size 1 1) (thickness 0.15)))
    )
    (fp_text value ASMB-MTB0-0A3A2 (at 0 2.65 270) (layer F.Fab)
      (effects (font (size 1 1) (thickness 0.15)))
    )
    (fp_text user %R (at 0 0 270) (layer F.Fab)
      (effects (font (size 0.5 0.5) (thickness 0.075)))
    )
    (fp_line (start -0.6 -1.4) (end -1.6 -0.4) (layer F.Fab) (width 0.1))
    (fp_line (start -1.6 -1.4) (end -1.6 1.4) (layer F.Fab) (width 0.1))
    (fp_line (start -1.6 1.4) (end 1.6 1.4) (layer F.Fab) (width 0.1))
    (fp_line (start 1.6 1.4) (end 1.6 -1.4) (layer F.Fab) (width 0.1))
    (fp_line (start 1.6 -1.4) (end -1.6 -1.4) (layer F.Fab) (width 0.1))
    (fp_line (start -2.5 -0.7) (end -2.5 -1.5) (layer F.SilkS) (width 0.12))
    (fp_line (start -2.500044 -1.5) (end 1.95 -1.5) (layer F.SilkS) (width 0.12))
    (fp_line (start -1.95 1.5) (end 1.95 1.5) (layer F.SilkS) (width 0.12))
    (fp_line (start -2.5 -1.65) (end 2.5 -1.65) (layer F.CrtYd) (width 0.05))
    (fp_line (start -2.5 -1.65) (end -2.5 1.65) (layer F.CrtYd) (width 0.05))
    (fp_line (start 2.5 1.65) (end 2.5 -1.65) (layer F.CrtYd) (width 0.05))
    (fp_line (start 2.5 1.65) (end -2.5 1.65) (layer F.CrtYd) (width 0.05))
    (fp_circle (center 0 0) (end 1.12 0) (layer F.Fab) (width 0.1))
    (pad 1 smd rect (at -1.5 -0.75 270) (size 1.5 1.1) (layers F.Cu F.Paste F.Mask)
      (net 6 +5V))
    (pad 2 smd rect (at 1.5 -0.75 270) (size 1.5 1.1) (layers F.Cu F.Paste F.Mask)
      (net 18 /B4))
    (pad 3 smd rect (at 1.5 0.75 270) (size 1.5 1.1) (layers F.Cu F.Paste F.Mask)
      (net 17 /G4))
    (pad 4 smd rect (at -1.5 0.75 270) (size 1.5 1.1) (layers F.Cu F.Paste F.Mask)
      (net 16 /R4))
    (model ${KIPRJMOD}/../ma4evse/3d/ASMB-MTB0-0A3A2.step
      (offset (xyz -0.75 -1.15 0))
      (scale (xyz 1 1 1))
      (rotate (xyz -90 0 90))
    )
  )

  (module ma4evse:LED_Avago_PLCC4_3.2x2.8mm_CW (layer F.Cu) (tedit 5DB60846) (tstamp 5DB59925)
    (at 136 75 90)
    (descr https://docs.broadcom.com/docs/AV02-4186EN)
    (tags "LED Avago PLCC-4 ASMB-MTB0-0A3A2")
    (path /5DB64F23)
    (attr smd)
    (fp_text reference D4 (at 0 -2.65 90) (layer F.SilkS)
      (effects (font (size 1 1) (thickness 0.15)))
    )
    (fp_text value ASMB-MTB0-0A3A2 (at 0 2.65 90) (layer F.Fab)
      (effects (font (size 1 1) (thickness 0.15)))
    )
    (fp_text user %R (at 0 0 90) (layer F.Fab)
      (effects (font (size 0.5 0.5) (thickness 0.075)))
    )
    (fp_line (start -0.6 -1.4) (end -1.6 -0.4) (layer F.Fab) (width 0.1))
    (fp_line (start -1.6 -1.4) (end -1.6 1.4) (layer F.Fab) (width 0.1))
    (fp_line (start -1.6 1.4) (end 1.6 1.4) (layer F.Fab) (width 0.1))
    (fp_line (start 1.6 1.4) (end 1.6 -1.4) (layer F.Fab) (width 0.1))
    (fp_line (start 1.6 -1.4) (end -1.6 -1.4) (layer F.Fab) (width 0.1))
    (fp_line (start -2.5 -0.7) (end -2.5 -1.5) (layer F.SilkS) (width 0.12))
    (fp_line (start -2.500044 -1.5) (end 1.95 -1.5) (layer F.SilkS) (width 0.12))
    (fp_line (start -1.95 1.5) (end 1.95 1.5) (layer F.SilkS) (width 0.12))
    (fp_line (start -2.5 -1.65) (end 2.5 -1.65) (layer F.CrtYd) (width 0.05))
    (fp_line (start -2.5 -1.65) (end -2.5 1.65) (layer F.CrtYd) (width 0.05))
    (fp_line (start 2.5 1.65) (end 2.5 -1.65) (layer F.CrtYd) (width 0.05))
    (fp_line (start 2.5 1.65) (end -2.5 1.65) (layer F.CrtYd) (width 0.05))
    (fp_circle (center 0 0) (end 1.12 0) (layer F.Fab) (width 0.1))
    (pad 1 smd rect (at -1.5 -0.75 90) (size 1.5 1.1) (layers F.Cu F.Paste F.Mask)
      (net 6 +5V))
    (pad 2 smd rect (at 1.5 -0.75 90) (size 1.5 1.1) (layers F.Cu F.Paste F.Mask)
      (net 15 /B3))
    (pad 3 smd rect (at 1.5 0.75 90) (size 1.5 1.1) (layers F.Cu F.Paste F.Mask)
      (net 14 /G3))
    (pad 4 smd rect (at -1.5 0.75 90) (size 1.5 1.1) (layers F.Cu F.Paste F.Mask)
      (net 13 /R3))
    (model ${KIPRJMOD}/../ma4evse/3d/ASMB-MTB0-0A3A2.step
      (offset (xyz -0.75 -1.15 0))
      (scale (xyz 1 1 1))
      (rotate (xyz -90 0 90))
    )
  )

  (module ma4evse:LED_Avago_PLCC4_3.2x2.8mm_CW (layer F.Cu) (tedit 5DB60846) (tstamp 5DB5990F)
    (at 150 62 180)
    (descr https://docs.broadcom.com/docs/AV02-4186EN)
    (tags "LED Avago PLCC-4 ASMB-MTB0-0A3A2")
    (path /5DB642B0)
    (attr smd)
    (fp_text reference D3 (at 4 0 180) (layer F.SilkS)
      (effects (font (size 1 1) (thickness 0.15)))
    )
    (fp_text value ASMB-MTB0-0A3A2 (at 0 2.65 180) (layer F.Fab)
      (effects (font (size 1 1) (thickness 0.15)))
    )
    (fp_circle (center 0 0) (end 1.12 0) (layer F.Fab) (width 0.1))
    (fp_line (start 2.5 1.65) (end -2.5 1.65) (layer F.CrtYd) (width 0.05))
    (fp_line (start 2.5 1.65) (end 2.5 -1.65) (layer F.CrtYd) (width 0.05))
    (fp_line (start -2.5 -1.65) (end -2.5 1.65) (layer F.CrtYd) (width 0.05))
    (fp_line (start -2.5 -1.65) (end 2.5 -1.65) (layer F.CrtYd) (width 0.05))
    (fp_line (start -1.95 1.5) (end 1.95 1.5) (layer F.SilkS) (width 0.12))
    (fp_line (start -2.500044 -1.5) (end 1.95 -1.5) (layer F.SilkS) (width 0.12))
    (fp_line (start -2.5 -0.7) (end -2.5 -1.5) (layer F.SilkS) (width 0.12))
    (fp_line (start 1.6 -1.4) (end -1.6 -1.4) (layer F.Fab) (width 0.1))
    (fp_line (start 1.6 1.4) (end 1.6 -1.4) (layer F.Fab) (width 0.1))
    (fp_line (start -1.6 1.4) (end 1.6 1.4) (layer F.Fab) (width 0.1))
    (fp_line (start -1.6 -1.4) (end -1.6 1.4) (layer F.Fab) (width 0.1))
    (fp_line (start -0.6 -1.4) (end -1.6 -0.4) (layer F.Fab) (width 0.1))
    (fp_text user %R (at 0 0 180) (layer F.Fab)
      (effects (font (size 0.5 0.5) (thickness 0.075)))
    )
    (pad 4 smd rect (at -1.5 0.75 180) (size 1.5 1.1) (layers F.Cu F.Paste F.Mask)
      (net 10 /R2))
    (pad 3 smd rect (at 1.5 0.75 180) (size 1.5 1.1) (layers F.Cu F.Paste F.Mask)
      (net 11 /G2))
    (pad 2 smd rect (at 1.5 -0.75 180) (size 1.5 1.1) (layers F.Cu F.Paste F.Mask)
      (net 12 /B2))
    (pad 1 smd rect (at -1.5 -0.75 180) (size 1.5 1.1) (layers F.Cu F.Paste F.Mask)
      (net 6 +5V))
    (model ${KIPRJMOD}/../ma4evse/3d/ASMB-MTB0-0A3A2.step
      (offset (xyz -0.75 -1.15 0))
      (scale (xyz 1 1 1))
      (rotate (xyz -90 0 90))
    )
  )

  (module ma4evse:LED_Avago_PLCC4_3.2x2.8mm_CW (layer F.Cu) (tedit 5DB60846) (tstamp 5DB598F9)
    (at 150 90 180)
    (descr https://docs.broadcom.com/docs/AV02-4186EN)
    (tags "LED Avago PLCC-4 ASMB-MTB0-0A3A2")
    (path /5DB637F4)
    (attr smd)
    (fp_text reference D2 (at 0 -2.65 180) (layer F.SilkS)
      (effects (font (size 1 1) (thickness 0.15)))
    )
    (fp_text value ASMB-MTB0-0A3A2 (at 0 2.65 180) (layer F.Fab)
      (effects (font (size 1 1) (thickness 0.15)))
    )
    (fp_circle (center 0 0) (end 1.12 0) (layer F.Fab) (width 0.1))
    (fp_line (start 2.5 1.65) (end -2.5 1.65) (layer F.CrtYd) (width 0.05))
    (fp_line (start 2.5 1.65) (end 2.5 -1.65) (layer F.CrtYd) (width 0.05))
    (fp_line (start -2.5 -1.65) (end -2.5 1.65) (layer F.CrtYd) (width 0.05))
    (fp_line (start -2.5 -1.65) (end 2.5 -1.65) (layer F.CrtYd) (width 0.05))
    (fp_line (start -1.95 1.5) (end 1.95 1.5) (layer F.SilkS) (width 0.12))
    (fp_line (start -2.500044 -1.5) (end 1.95 -1.5) (layer F.SilkS) (width 0.12))
    (fp_line (start -2.5 -0.7) (end -2.5 -1.5) (layer F.SilkS) (width 0.12))
    (fp_line (start 1.6 -1.4) (end -1.6 -1.4) (layer F.Fab) (width 0.1))
    (fp_line (start 1.6 1.4) (end 1.6 -1.4) (layer F.Fab) (width 0.1))
    (fp_line (start -1.6 1.4) (end 1.6 1.4) (layer F.Fab) (width 0.1))
    (fp_line (start -1.6 -1.4) (end -1.6 1.4) (layer F.Fab) (width 0.1))
    (fp_line (start -0.6 -1.4) (end -1.6 -0.4) (layer F.Fab) (width 0.1))
    (fp_text user %R (at 0 0 180) (layer F.Fab)
      (effects (font (size 0.5 0.5) (thickness 0.075)))
    )
    (pad 4 smd rect (at -1.5 0.75 180) (size 1.5 1.1) (layers F.Cu F.Paste F.Mask)
      (net 7 /R1))
    (pad 3 smd rect (at 1.5 0.75 180) (size 1.5 1.1) (layers F.Cu F.Paste F.Mask)
      (net 8 /G1))
    (pad 2 smd rect (at 1.5 -0.75 180) (size 1.5 1.1) (layers F.Cu F.Paste F.Mask)
      (net 9 /B1))
    (pad 1 smd rect (at -1.5 -0.75 180) (size 1.5 1.1) (layers F.Cu F.Paste F.Mask)
      (net 6 +5V))
    (model ${KIPRJMOD}/../ma4evse/3d/ASMB-MTB0-0A3A2.step
      (offset (xyz -0.75 -1.15 0))
      (scale (xyz 1 1 1))
      (rotate (xyz -90 0 90))
    )
  )

  (module ma4evse:LED_Avago_PLCC4_3.2x2.8mm_CW (layer F.Cu) (tedit 5DB60846) (tstamp 5DB5C47D)
    (at 164 75 90)
    (descr https://docs.broadcom.com/docs/AV02-4186EN)
    (tags "LED Avago PLCC-4 ASMB-MTB0-0A3A2")
    (path /5DB5AA7F)
    (attr smd)
    (fp_text reference D1 (at 4 0 90) (layer F.SilkS)
      (effects (font (size 1 1) (thickness 0.15)))
    )
    (fp_text value ASMB-MTB0-0A3A2 (at 0 2.65 90) (layer F.Fab)
      (effects (font (size 1 1) (thickness 0.15)))
    )
    (fp_circle (center 0 0) (end 1.12 0) (layer F.Fab) (width 0.1))
    (fp_line (start 2.5 1.65) (end -2.5 1.65) (layer F.CrtYd) (width 0.05))
    (fp_line (start 2.5 1.65) (end 2.5 -1.65) (layer F.CrtYd) (width 0.05))
    (fp_line (start -2.5 -1.65) (end -2.5 1.65) (layer F.CrtYd) (width 0.05))
    (fp_line (start -2.5 -1.65) (end 2.5 -1.65) (layer F.CrtYd) (width 0.05))
    (fp_line (start -1.95 1.5) (end 1.95 1.5) (layer F.SilkS) (width 0.12))
    (fp_line (start -2.500044 -1.5) (end 1.95 -1.5) (layer F.SilkS) (width 0.12))
    (fp_line (start -2.5 -0.7) (end -2.5 -1.5) (layer F.SilkS) (width 0.12))
    (fp_line (start 1.6 -1.4) (end -1.6 -1.4) (layer F.Fab) (width 0.1))
    (fp_line (start 1.6 1.4) (end 1.6 -1.4) (layer F.Fab) (width 0.1))
    (fp_line (start -1.6 1.4) (end 1.6 1.4) (layer F.Fab) (width 0.1))
    (fp_line (start -1.6 -1.4) (end -1.6 1.4) (layer F.Fab) (width 0.1))
    (fp_line (start -0.6 -1.4) (end -1.6 -0.4) (layer F.Fab) (width 0.1))
    (fp_text user %R (at 0 0 90) (layer F.Fab)
      (effects (font (size 0.5 0.5) (thickness 0.075)))
    )
    (pad 4 smd rect (at -1.5 0.75 90) (size 1.5 1.1) (layers F.Cu F.Paste F.Mask)
      (net 3 /R0))
    (pad 3 smd rect (at 1.5 0.75 90) (size 1.5 1.1) (layers F.Cu F.Paste F.Mask)
      (net 4 /G0))
    (pad 2 smd rect (at 1.5 -0.75 90) (size 1.5 1.1) (layers F.Cu F.Paste F.Mask)
      (net 5 /B0))
    (pad 1 smd rect (at -1.5 -0.75 90) (size 1.5 1.1) (layers F.Cu F.Paste F.Mask)
      (net 6 +5V))
    (model ${KIPRJMOD}/../ma4evse/3d/ASMB-MTB0-0A3A2.step
      (offset (xyz -0.75 -1.15 0))
      (scale (xyz 1 1 1))
      (rotate (xyz -90 0 90))
    )
  )

  (module TestPoint:TestPoint_THTPad_D1.0mm_Drill0.5mm (layer F.Cu) (tedit 5A0F774F) (tstamp 5DB59C21)
    (at 145 105.5 90)
    (descr "THT pad as test Point, diameter 1.0mm, hole diameter 0.5mm")
    (tags "test point THT pad")
    (path /5DF480F0)
    (attr virtual)
    (fp_text reference TP12 (at 0 -2.848 180) (layer F.SilkS)
      (effects (font (size 1 1) (thickness 0.15)))
    )
    (fp_text value B13 (at 0 1.55 90) (layer F.Fab)
      (effects (font (size 1 1) (thickness 0.15)))
    )
    (fp_circle (center 0 0) (end 0 0.7) (layer F.SilkS) (width 0.12))
    (fp_circle (center 0 0) (end 1 0) (layer F.CrtYd) (width 0.05))
    (fp_text user %R (at 0 -1.45 90) (layer F.Fab)
      (effects (font (size 1 1) (thickness 0.15)))
    )
    (pad 1 thru_hole circle (at 0 0 90) (size 1 1) (drill 0.5) (layers *.Cu *.Mask)
      (net 64 "Net-(TP12-Pad1)"))
  )

  (module TestPoint:TestPoint_THTPad_D1.0mm_Drill0.5mm (layer F.Cu) (tedit 5A0F774F) (tstamp 5DB59C13)
    (at 145 107 90)
    (descr "THT pad as test Point, diameter 1.0mm, hole diameter 0.5mm")
    (tags "test point THT pad")
    (path /5DF480E9)
    (attr virtual)
    (fp_text reference TP11 (at 0 -2.848 180) (layer F.SilkS)
      (effects (font (size 1 1) (thickness 0.15)))
    )
    (fp_text value G13 (at 0 1.55 90) (layer F.Fab)
      (effects (font (size 1 1) (thickness 0.15)))
    )
    (fp_circle (center 0 0) (end 0 0.7) (layer F.SilkS) (width 0.12))
    (fp_circle (center 0 0) (end 1 0) (layer F.CrtYd) (width 0.05))
    (fp_text user %R (at 0 -1.45 90) (layer F.Fab)
      (effects (font (size 1 1) (thickness 0.15)))
    )
    (pad 1 thru_hole circle (at 0 0 90) (size 1 1) (drill 0.5) (layers *.Cu *.Mask)
      (net 63 "Net-(TP11-Pad1)"))
  )

  (module TestPoint:TestPoint_THTPad_D1.0mm_Drill0.5mm (layer F.Cu) (tedit 5A0F774F) (tstamp 5DB59C05)
    (at 145 108.5 90)
    (descr "THT pad as test Point, diameter 1.0mm, hole diameter 0.5mm")
    (tags "test point THT pad")
    (path /5DF480E2)
    (attr virtual)
    (fp_text reference TP10 (at 0 -2.848 180) (layer F.SilkS)
      (effects (font (size 1 1) (thickness 0.15)))
    )
    (fp_text value R13 (at 0 1.55 90) (layer F.Fab)
      (effects (font (size 1 1) (thickness 0.15)))
    )
    (fp_circle (center 0 0) (end 0 0.7) (layer F.SilkS) (width 0.12))
    (fp_circle (center 0 0) (end 1 0) (layer F.CrtYd) (width 0.05))
    (fp_text user %R (at 0 -1.45 90) (layer F.Fab)
      (effects (font (size 1 1) (thickness 0.15)))
    )
    (pad 1 thru_hole circle (at 0 0 90) (size 1 1) (drill 0.5) (layers *.Cu *.Mask)
      (net 62 "Net-(TP10-Pad1)"))
  )

  (module TestPoint:TestPoint_THTPad_D1.0mm_Drill0.5mm (layer F.Cu) (tedit 5A0F774F) (tstamp 5DB59BF7)
    (at 117 101)
    (descr "THT pad as test Point, diameter 1.0mm, hole diameter 0.5mm")
    (tags "test point THT pad")
    (path /5DF3ED31)
    (attr virtual)
    (fp_text reference TP9 (at 0 -2.448 90) (layer F.SilkS)
      (effects (font (size 1 1) (thickness 0.15)))
    )
    (fp_text value SIGIN (at 0 1.55) (layer F.Fab)
      (effects (font (size 1 1) (thickness 0.15)))
    )
    (fp_circle (center 0 0) (end 0 0.7) (layer F.SilkS) (width 0.12))
    (fp_circle (center 0 0) (end 1 0) (layer F.CrtYd) (width 0.05))
    (fp_text user %R (at 0 -1.45) (layer F.Fab)
      (effects (font (size 1 1) (thickness 0.15)))
    )
    (pad 1 thru_hole circle (at 0 0) (size 1 1) (drill 0.5) (layers *.Cu *.Mask)
      (net 61 "Net-(TP9-Pad1)"))
  )

  (module TestPoint:TestPoint_THTPad_D1.0mm_Drill0.5mm (layer F.Cu) (tedit 5A0F774F) (tstamp 5DB59BE9)
    (at 115.5 101)
    (descr "THT pad as test Point, diameter 1.0mm, hole diameter 0.5mm")
    (tags "test point THT pad")
    (path /5DF363A1)
    (attr virtual)
    (fp_text reference TP8 (at 0 -2.448 90) (layer F.SilkS)
      (effects (font (size 1 1) (thickness 0.15)))
    )
    (fp_text value SIGOUT (at 0 1.55) (layer F.Fab)
      (effects (font (size 1 1) (thickness 0.15)))
    )
    (fp_circle (center 0 0) (end 0 0.7) (layer F.SilkS) (width 0.12))
    (fp_circle (center 0 0) (end 1 0) (layer F.CrtYd) (width 0.05))
    (fp_text user %R (at 0 -1.45) (layer F.Fab)
      (effects (font (size 1 1) (thickness 0.15)))
    )
    (pad 1 thru_hole circle (at 0 0) (size 1 1) (drill 0.5) (layers *.Cu *.Mask)
      (net 60 "Net-(TP8-Pad1)"))
  )

  (module TestPoint:TestPoint_THTPad_D1.0mm_Drill0.5mm (layer F.Cu) (tedit 5A0F774F) (tstamp 5DB59BDB)
    (at 114 101)
    (descr "THT pad as test Point, diameter 1.0mm, hole diameter 0.5mm")
    (tags "test point THT pad")
    (path /5DF2DAFE)
    (attr virtual)
    (fp_text reference TP7 (at 0 -2.448 90) (layer F.SilkS)
      (effects (font (size 1 1) (thickness 0.15)))
    )
    (fp_text value SIGCLK (at 0 1.55) (layer F.Fab)
      (effects (font (size 1 1) (thickness 0.15)))
    )
    (fp_circle (center 0 0) (end 0 0.7) (layer F.SilkS) (width 0.12))
    (fp_circle (center 0 0) (end 1 0) (layer F.CrtYd) (width 0.05))
    (fp_text user %R (at 0 -1.45) (layer F.Fab)
      (effects (font (size 1 1) (thickness 0.15)))
    )
    (pad 1 thru_hole circle (at 0 0) (size 1 1) (drill 0.5) (layers *.Cu *.Mask)
      (net 59 "Net-(TP7-Pad1)"))
  )

  (module TestPoint:TestPoint_THTPad_D1.0mm_Drill0.5mm (layer F.Cu) (tedit 5A0F774F) (tstamp 5DB59BCD)
    (at 112.5 101)
    (descr "THT pad as test Point, diameter 1.0mm, hole diameter 0.5mm")
    (tags "test point THT pad")
    (path /5DF253F3)
    (attr virtual)
    (fp_text reference TP6 (at 0 -2.448 90) (layer F.SilkS)
      (effects (font (size 1 1) (thickness 0.15)))
    )
    (fp_text value INT1 (at 0 1.55) (layer F.Fab)
      (effects (font (size 1 1) (thickness 0.15)))
    )
    (fp_circle (center 0 0) (end 0 0.7) (layer F.SilkS) (width 0.12))
    (fp_circle (center 0 0) (end 1 0) (layer F.CrtYd) (width 0.05))
    (fp_text user %R (at 0 -1.45) (layer F.Fab)
      (effects (font (size 1 1) (thickness 0.15)))
    )
    (pad 1 thru_hole circle (at 0 0) (size 1 1) (drill 0.5) (layers *.Cu *.Mask)
      (net 58 "Net-(TP6-Pad1)"))
  )

  (module TestPoint:TestPoint_THTPad_D1.0mm_Drill0.5mm (layer F.Cu) (tedit 5A0F774F) (tstamp 5DB59BBF)
    (at 111 101)
    (descr "THT pad as test Point, diameter 1.0mm, hole diameter 0.5mm")
    (tags "test point THT pad")
    (path /5DF1CF0D)
    (attr virtual)
    (fp_text reference TP5 (at 0 -2.448 90) (layer F.SilkS)
      (effects (font (size 1 1) (thickness 0.15)))
    )
    (fp_text value INT0 (at 0 1.55) (layer F.Fab)
      (effects (font (size 1 1) (thickness 0.15)))
    )
    (fp_circle (center 0 0) (end 0 0.7) (layer F.SilkS) (width 0.12))
    (fp_circle (center 0 0) (end 1 0) (layer F.CrtYd) (width 0.05))
    (fp_text user %R (at 0 -1.45) (layer F.Fab)
      (effects (font (size 1 1) (thickness 0.15)))
    )
    (pad 1 thru_hole circle (at 0 0) (size 1 1) (drill 0.5) (layers *.Cu *.Mask)
      (net 57 "Net-(TP5-Pad1)"))
  )

  (module TestPoint:TestPoint_THTPad_D1.0mm_Drill0.5mm (layer F.Cu) (tedit 5A0F774F) (tstamp 5DB59BB1)
    (at 109.5 101)
    (descr "THT pad as test Point, diameter 1.0mm, hole diameter 0.5mm")
    (tags "test point THT pad")
    (path /5DF14B53)
    (attr virtual)
    (fp_text reference TP4 (at 0 -2.448 90) (layer F.SilkS)
      (effects (font (size 1 1) (thickness 0.15)))
    )
    (fp_text value DBG_TXD (at 0 1.55) (layer F.Fab)
      (effects (font (size 1 1) (thickness 0.15)))
    )
    (fp_circle (center 0 0) (end 0 0.7) (layer F.SilkS) (width 0.12))
    (fp_circle (center 0 0) (end 1 0) (layer F.CrtYd) (width 0.05))
    (fp_text user %R (at 0 -1.45) (layer F.Fab)
      (effects (font (size 1 1) (thickness 0.15)))
    )
    (pad 1 thru_hole circle (at 0 0) (size 1 1) (drill 0.5) (layers *.Cu *.Mask)
      (net 56 "Net-(TP4-Pad1)"))
  )

  (module TestPoint:TestPoint_THTPad_D1.0mm_Drill0.5mm (layer F.Cu) (tedit 5A0F774F) (tstamp 5DB59BA3)
    (at 108 101)
    (descr "THT pad as test Point, diameter 1.0mm, hole diameter 0.5mm")
    (tags "test point THT pad")
    (path /5DF0C8F8)
    (attr virtual)
    (fp_text reference TP3 (at 0 -2.448 90) (layer F.SilkS)
      (effects (font (size 1 1) (thickness 0.15)))
    )
    (fp_text value DBG_RXD (at 0 1.55) (layer F.Fab)
      (effects (font (size 1 1) (thickness 0.15)))
    )
    (fp_circle (center 0 0) (end 0 0.7) (layer F.SilkS) (width 0.12))
    (fp_circle (center 0 0) (end 1 0) (layer F.CrtYd) (width 0.05))
    (fp_text user %R (at 0 -1.45) (layer F.Fab)
      (effects (font (size 1 1) (thickness 0.15)))
    )
    (pad 1 thru_hole circle (at 0 0) (size 1 1) (drill 0.5) (layers *.Cu *.Mask)
      (net 55 "Net-(TP3-Pad1)"))
  )

  (module TestPoint:TestPoint_THTPad_D1.0mm_Drill0.5mm (layer F.Cu) (tedit 5A0F774F) (tstamp 5DB59B95)
    (at 106.5 101)
    (descr "THT pad as test Point, diameter 1.0mm, hole diameter 0.5mm")
    (tags "test point THT pad")
    (path /5DF04769)
    (attr virtual)
    (fp_text reference TP2 (at 0 -2.448 90) (layer F.SilkS)
      (effects (font (size 1 1) (thickness 0.15)))
    )
    (fp_text value AUX2 (at 0 1.55) (layer F.Fab)
      (effects (font (size 1 1) (thickness 0.15)))
    )
    (fp_circle (center 0 0) (end 0 0.7) (layer F.SilkS) (width 0.12))
    (fp_circle (center 0 0) (end 1 0) (layer F.CrtYd) (width 0.05))
    (fp_text user %R (at 0 -1.45) (layer F.Fab)
      (effects (font (size 1 1) (thickness 0.15)))
    )
    (pad 1 thru_hole circle (at 0 0) (size 1 1) (drill 0.5) (layers *.Cu *.Mask)
      (net 54 "Net-(TP2-Pad1)"))
  )

  (module TestPoint:TestPoint_THTPad_D1.0mm_Drill0.5mm (layer F.Cu) (tedit 5A0F774F) (tstamp 5DB59B87)
    (at 105 101)
    (descr "THT pad as test Point, diameter 1.0mm, hole diameter 0.5mm")
    (tags "test point THT pad")
    (path /5DEAD7B1)
    (attr virtual)
